Pos( 1,:) = [ 2.23525e-05 0.000521648 -0.00487414 ];
Pos( 2,:) = [ 1.1325e-05 -0.000302109 -0.0245001 ];
Pos( 3,:) = [ 2.74518e-05 -0.000199942 -0.0242316 ];
Pos( 4,:) = [ 6.36411e-06 -3.95636e-05 -0.0101096 ];
Pos( 5,:) = [ -1.42558e-05 -0.000373497 -0.0226837 ];
Pos( 6,:) = [ 7.02267e-06 2.41257e-05 -0.0328972 ];
Pos( 7,:) = [ -1.24673e-05 9.91806e-05 -0.0122143 ];
Pos( 8,:) = [ 4.00389e-06 0.000149788 -0.0424987 ];
Pos( 9,:) = [ 2.82522e-05 0.000394654 -0.0212798 ];
Pos( 10,:) = [ 2.33354e-05 0.000102535 -0.0305924 ];
Pos( 11,:) = [ 2.12072e-05 -0.000387917 -0.00970861 ];
Pos( 12,:) = [ 9.97474e-06 -0.000731179 -0.0086669 ];
Pos( 13,:) = [ -1.59839e-06 -0.000327933 -0.024489 ];
Pos( 14,:) = [ 2.20664e-05 0.00018617 -0.00221443 ];
Pos( 15,:) = [ -2.47046e-05 -0.000914635 -0.00780294 ];
Pos( 16,:) = [ 2.71651e-05 -7.1159e-05 -0.0297073 ];
Pos( 17,:) = [ 1.59162e-05 0.000608881 -0.025356 ];
Pos( 18,:) = [ -1.54605e-05 0.00052444 -0.0275283 ];
Pos( 19,:) = [ -4.30765e-06 -0.000141862 0.00176363 ];
Pos( 20,:) = [ -2.06333e-05 7.31909e-05 -0.00144701 ];
Pos( 21,:) = [ -1.7786e-05 -6.83602e-05 -0.00335955 ];
Pos( 22,:) = [ 2.54011e-05 0.000366033 -0.0195596 ];
Pos( 23,:) = [ 2.56672e-05 -5.30023e-05 -0.0361887 ];
Pos( 24,:) = [ -2.9995e-06 -0.000124924 -0.00458526 ];
Pos( 25,:) = [ 2.74819e-05 0.000314106 -0.0274391 ];
Pos( 26,:) = [ 1.10691e-05 -1.17043e-05 0.00115033 ];
Pos( 27,:) = [ -1.85524e-05 0.00013387 -0.000287882 ];
Pos( 28,:) = [ 2.43696e-05 1.94938e-05 0.00443278 ];
Pos( 29,:) = [ -1.97617e-06 -0.000438412 -0.0372238 ];
Pos( 30,:) = [ 2.87933e-05 0.000154649 -0.0280515 ];
Pos( 31,:) = [ -1.90228e-05 -5.76489e-05 -0.00405843 ];
Pos( 32,:) = [ -6.3022e-06 -0.000436521 -0.00589523 ];
Pos( 33,:) = [ 1.28977e-05 -0.000328019 -0.00756434 ];
Pos( 34,:) = [ 1.02679e-05 0.000283808 -0.0389779 ];
Pos( 35,:) = [ -5.98126e-06 0.000114911 -0.00520694 ];
Pos( 36,:) = [ 2.20889e-05 3.08492e-05 -0.00967325 ];
Pos( 37,:) = [ -9.19394e-06 0.000470679 -0.01798 ];
Pos( 38,:) = [ -1.0465e-05 -0.000450993 0.004424 ];
Pos( 39,:) = [ 8.91072e-06 -0.000218721 -0.00503276 ];
Pos( 40,:) = [ 1.54854e-05 -0.000247239 -0.037728 ];
Pos( 41,:) = [ 2.70873e-05 9.69306e-05 -0.0137906 ];
Pos( 42,:) = [ -2.36055e-05 0.000746215 -0.0362191 ];
Pos( 43,:) = [ 2.80438e-06 -0.000193005 -0.021449 ];
Pos( 44,:) = [ 6.08741e-06 -0.000206565 -0.0251142 ];
Pos( 45,:) = [ 2.26666e-05 0.000332571 -0.00691882 ];
Pos( 46,:) = [ -1.86429e-05 0.000260413 -0.00510788 ];
Pos( 47,:) = [ -2.4973e-05 6.48427e-05 -0.0176264 ];
Pos( 48,:) = [ -6.64984e-06 0.00025776 -0.00100419 ];
Pos( 49,:) = [ 1.94953e-05 -0.00020951 -0.0052812 ];
Pos( 50,:) = [ -1.90562e-05 0.000355221 -0.026465 ];
Pos( 51,:) = [ -3.94892e-06 6.11059e-06 -0.0238398 ];
Pos( 52,:) = [ -2.09391e-05 -0.000106544 -0.00424975 ];
Pos( 53,:) = [ -1.12125e-06 0.000257092 -0.00320763 ];
Pos( 54,:) = [ 2.51559e-05 -0.000339797 -0.00591217 ];
Pos( 55,:) = [ -2.36905e-05 -9.44763e-05 0.00448292 ];
Pos( 56,:) = [ 2.96112e-05 -0.000486385 -0.00625226 ];
Pos( 57,:) = [ 3.72194e-06 -7.96394e-05 -0.0142875 ];
Pos( 58,:) = [ -8.37351e-06 -0.00169157 -0.0298971 ];
Pos( 59,:) = [ -2.96139e-06 -0.000205871 0.00493064 ];
Pos( 60,:) = [ 1.17694e-05 9.15522e-05 -0.00733863 ];
Pos( 61,:) = [ -1.76084e-05 -0.000348844 0.00120442 ];
Pos( 62,:) = [ -2.25823e-05 -0.000273935 -0.0155794 ];
Pos( 63,:) = [ 1.1335e-05 -0.000314607 -0.00768613 ];
Pos( 64,:) = [ 4.21331e-06 -0.000113657 -0.0307521 ];
Pos( 65,:) = [ -8.52309e-06 0.000364994 0.00149703 ];
Pos( 66,:) = [ 2.25757e-05 0.000277253 0.000470057 ];
Pos( 67,:) = [ -2.78703e-05 -0.000161111 -0.0250367 ];
Pos( 68,:) = [ 2.0247e-05 0.000315328 -0.0054248 ];
Pos( 69,:) = [ 1.96013e-05 -0.00022484 -0.00901639 ];
Pos( 70,:) = [ -3.75835e-06 0.0001634 -0.00634774 ];
Pos( 71,:) = [ -9.32763e-06 -0.000399571 -0.0136037 ];
Pos( 72,:) = [ -1.01266e-05 -0.000635033 0.00660583 ];
Pos( 73,:) = [ 2.16105e-05 0.000161658 0.00409444 ];
Pos( 74,:) = [ -1.65187e-05 0.000294173 0.00653623 ];
Pos( 75,:) = [ -3.02829e-06 -0.000498171 0.0078303 ];
Pos( 76,:) = [ 2.90365e-05 -2.89728e-05 -0.0087303 ];
Pos( 77,:) = [ -2.58162e-05 -0.000252703 -0.00180993 ];
Pos( 78,:) = [ 1.0144e-05 0.000311081 -0.0117261 ];
Pos( 79,:) = [ -6.8726e-06 -3.206e-07 -0.0238292 ];
Pos( 80,:) = [ 2.32612e-05 0.000229266 -0.0352948 ];
Pos( 81,:) = [ 1.48051e-05 0.000154215 -0.000553141 ];
Pos( 82,:) = [ 2.33374e-05 0.000309269 -0.00903759 ];
Pos( 83,:) = [ 6.95203e-06 0.000154862 -0.0170006 ];
Pos( 84,:) = [ -9.55677e-06 -0.000171612 -0.0209114 ];
Pos( 85,:) = [ -2.70414e-06 8.33597e-05 0.00271729 ];
Pos( 86,:) = [ -1.79336e-05 3.47607e-07 0.00435601 ];
Pos( 87,:) = [ 2.84464e-05 -0.000346137 -0.000601825 ];
Pos( 88,:) = [ -1.94694e-05 0.000320602 0.00528466 ];
Pos( 89,:) = [ -2.89803e-06 -0.000388457 0.00903354 ];
Pos( 90,:) = [ -2.13694e-05 0.000380063 -0.0121425 ];
Pos( 91,:) = [ -1.07593e-05 -0.000536049 0.00448045 ];
Pos( 92,:) = [ 1.92969e-05 -0.000164218 -0.0210865 ];
Pos( 93,:) = [ 2.00427e-05 -7.92758e-05 -0.0112341 ];
Pos( 94,:) = [ 6.083e-06 0.000192268 -0.010524 ];
Pos( 95,:) = [ -2.2486e-05 -0.000569872 -0.0168616 ];
Pos( 96,:) = [ 2.3077e-05 -0.000406561 0.00668135 ];
Pos( 97,:) = [ 1.17887e-05 5.56157e-05 -0.0375999 ];
Pos( 98,:) = [ -4.77298e-06 9.8512e-05 -0.00202726 ];
Pos( 99,:) = [ 2.57324e-05 -0.000306417 -0.0310543 ];
Pos( 100,:) = [ -2.39665e-05 -0.000161466 -0.0220928 ];
